106	-0.057814
92	0.032128
77	0.032259
62	-0.005344
112	-0.039616
100	0.098604
93	0.098471
80	0.098596
71	0.098639
27	0.098614
109	-0.055177
90	-0.102490
46	-0.064761
89	-0.101092
82	-0.203579
73	-0.203516
51	-0.006723
31	-0.149212
45	0.135694
1	0.021702
7	0.031454
121	-0.042547
24	0.527253
119	0.000485
22	-0.479955
105	-0.501121
8	0.016344
101	-0.347352
4	-0.000227
3	0.129933
97	0.018675
0	0.032013
64	-0.560385
53	-0.224416
52	0.256403
18	0.112284
115	-0.346336
41	-0.283969
68	-0.179217
21	0.239023
118	-0.318312
91	0.203170
44	0.093775
104	-0.363577
57	0.159129
10	-0.152616
107	0.714599
33	0.181504
94	0.120462
47	-0.071005
117	0.681158
20	-0.207180
23	-0.467971
120	-0.097563
13	-0.022414
110	-0.128742
36	-0.670496
2	0.121984
99	0.497067
113	-0.156831
16	-0.083868
19	-0.192734
116	0.217055
55	-0.357665
9	0.374124
28	-1.890222
125	-0.112404
123	0.303546
26	1.084738
76	-0.076882
29	0.720313
35	0.702529
85	0.045847
38	-1.034629
39	1.066692
87	0.032122
40	-0.088333
5	-0.082756
6	-0.389979
50	-0.240054
65	-0.263142
54	0.720683
59	-0.205976
66	-0.044675
122	0.133434
25	0.219421
61	-0.049690
43	0.164358
72	-0.212840
83	0.178694
74	0.166673
81	-0.217120
17	0.030061
114	-0.044696
48	-0.100694
63	0.647667
67	0.519295
69	0.127025
79	0.161360
70	0.175018
15	0.248268
78	-0.014398
11	0.245812
108	0.391289
49	-0.080995
60	-0.284400
75	-0.073742
95	-0.187073
111	0.071957
14	-0.083935
124	-0.153281
42	0.574716
98	-0.234789
84	-0.080791
30	0.219971
12	-0.068790
86	0.063221
