318599	61
318341	61
316391	61
313573	61
312903	61
310913	61
306759	61
302416	1
301701	61
300325	61
299657	61
299365	61
297605	61
297168	1
296617	61
296165	61
283457	61
309125	61
283010	61
282695	61
282209	61
281733	61
281029	61
279713	61
279473	1
278597	61
275144	61
274609	1
272207	61
269729	61
269090	61
266209	61
261477	61
261425	1
260901	61
260103	61
259239	61
256933	61
293474	61
256913	1
255649	61
255504	1
253857	61
251889	1
249858	61
247656	61
245488	1
244487	61
256528	1
242600	61
242344	61
240880	1
278927	61
59561	61
20904	61
18636	61
15621	61
308327	61
244802	61
305737	61
257448	61
250690	61
217770	61
226000	1
179845	61
174821	61
30796	61
73925	61
245932	61
281457	1
288485	61
250183	61
245825	61
99889	1
4421	61
83618	61
170856	61
119527	61
179850	61
114768	1
191372	61
7440	1
63586	61
132718	61
170192	1
268129	61
39568	1
46021	61
20773	61
308428	61
189093	61
19559	61
24101	61
307943	61
219152	1
181157	61
68673	61
120487	61
21250	61
6159	61
313361	1
86213	61
24524	61
248072	61
212133	61
12201	61
129890	61
120965	61
58289	1
166466	61
185617	1
18984	61
135400	61
115439	61
215845	61
307305	61
8556	61
81537	61
292014	61
76130	61
55756	61
299717	61
82092	61
46245	61
218252	61
20425	61
59106	61
154828	61
254000	1
231367	61
283663	61
283088	1
223888	1
93031	61
218629	61
11233	61
143692	61
50693	61
93489	1
240033	61
57160	61
98469	61
254913	61
16396	61
163713	61
14641	1
179621	61
172657	1
211568	1
213409	61
148392	61
201548	61
151345	1
171920	1
283025	1
134885	61
106570	61
144193	61
114565	61
169797	61
42704	1
84677	61
21570	61
14114	61
216451	61
12769	61
301317	61
303786	61
1872	1
227120	1
219471	61
223586	61
173794	61
54183	61
20816	1
19170	61
139426	61
138600	61
98439	61
201314	61
221066	61
65136	1
256583	61
270511	61
250759	61
133905	1
91109	61
44743	61
4588	61
283585	61
42625	61
23696	1
32453	61
21233	1
14050	61
310860	61
7173	61
318467	61
267495	61
298833	1
6668	61
311047	61
210353	1
307812	61
278161	1
238657	61
182693	61
267813	61
297957	61
56400	1
277507	61
13324	61
10855	61
292034	61
28674	61
19621	61
13516	61
248176	1
193858	61
71464	61
118375	61
40560	1
244257	61
247441	1
189831	61
83013	61
97004	61
109349	61
312773	61
39436	61
27751	61
21616	1
195948	61
231337	61
197129	61
262401	61
191658	61
77832	61
22120	61
28625	1
65186	61
161477	61
47657	61
54241	61
11361	61
19522	61
31984	1
214690	61
69319	61
36240	1
177000	61
283201	61
51938	61
116738	61
160357	61
213671	61
281157	61
176805	61
12577	61
65676	61
185768	61
177063	61
1602	61
202415	61
141480	61
287151	61
3216	1
97861	61
251945	61
44549	61
214087	61
69860	61
197425	1
218401	61
227106	61
45575	61
175084	61
124777	61
59760	1
104076	61
285136	1
14369	61
239048	61
39874	61
160328	61
215884	61
0	1
12802	61
204193	61
9201	1
167217	1
29776	1
16433	1
262242	61
183234	61
65033	61
209058	61
131696	1
16417	61
146992	1
291495	61
13477	61
297359	61
197777	1
189072	1
68417	61
45089	61
248289	61
107944	61
144713	61
170828	61
235272	61
303171	61
54625	61
179721	61
150225	1
28421	61
263109	61
317871	61
7973	61
279569	1
61474	61
107280	1
299440	1
282030	61
159980	61
173711	61
132561	1
190309	61
220335	61
103688	61
206785	61
124485	61
235824	1
27920	1
306917	61
144488	61
241511	61
62188	61
119153	1
140450	61
95184	1
16999	61
45392	1
172485	61
81581	61
179077	61
159073	61
103361	61
28610	61
112556	61
293233	1
48651	61
303781	61
236295	61
5926	61
274385	1
135105	61
10832	1
29169	1
97068	61
142890	61
245765	61
253189	61
308901	61
240592	1
88041	61
39779	61
187919	61
84529	1
319084	61
249765	61
193801	61
144652	61
259745	61
277155	61
12972	61
218722	61
224849	1
237575	61
185345	61
108394	61
122385	1
105925	61
261936	1
317648	1
21123	61
236816	1
34860	61
31568	1
87621	61
188080	1
229864	61
1904	1
289169	1
82215	61
264176	1
15185	1
98753	61
11301	61
37218	61
106858	61
281968	1
6890	61
290673	1
153232	1
45093	61
270434	61
87629	61
143593	61
266353	1
77905	1
178160	1
102444	61
250385	1
138961	1
107152	1
91201	61
114245	61
140930	61
316229	61
176807	61
155561	61
222224	1
179175	61
231024	1
153516	61
74508	61
12334	61
206882	61
50192	1
160933	61
92624	1
180556	61
311845	61
172753	1
38696	61
110434	61
277129	61
12497	1
300652	61
42984	61
279760	1
269061	61
84933	61
175465	61
135665	1
162050	61
32577	61
17031	61
55333	61
196354	61
217445	61
96464	1
268716	61
61537	61
181479	61
297441	61
109413	61
226060	61
12080	1
17841	1
252129	61
236453	61
185964	61
39720	61
238085	61
140177	1
307713	61
159728	1
175365	61
81543	61
196655	61
316784	1
259781	61
220816	1
180773	61
291212	61
136263	61
255393	61
136881	1
104784	1
264945	1
256240	1
21221	61
47141	61
260620	61
238562	61
257169	1
41285	61
73233	1
132933	61
94631	61
74695	61
120912	1
111111	61
119719	61
39888	1
37612	61
160239	61
61743	61
53100	61
120999	61
217290	61
38065	1
10209	61
50536	61
286213	61
92962	61
69026	61
171745	61
102544	1
286896	1
106885	61
275564	61
232016	1
204613	61
274568	61
227557	61
93934	61
236675	61
285991	61
230279	61
317329	1
22959	61
184872	61
91621	61
187912	61
94309	61
210956	61
310928	1
215173	61
48037	61
74629	61
85928	61
150345	61
189382	61
8328	61
37637	61
149061	61
100353	61
202353	1
118785	61
158764	61
253474	61
77633	61
241520	1
212265	61
100841	61
77797	61
295525	61
198599	61
285649	1
116869	61
193473	61
243173	61
205538	61
154983	61
248997	61
306192	1
238370	61
257521	1
18028	61
263248	1
120869	61
63617	61
284583	61
76837	61
153164	61
121826	61
46991	61
287249	1
67402	61
109186	61
287335	61
309968	1
235105	61
177001	61
129994	61
199340	61
226530	61
36002	61
194433	61
285265	1
3653	61
287436	61
289639	61
290160	1
121445	61
209506	61
279493	61
317795	61
223973	61
318241	61
200552	61
191943	61
197704	61
88229	61
128272	1
144065	61
193669	61
167333	61
223825	1
40012	61
91728	1
111465	61
116513	61
151333	61
101413	61
186722	61
159777	61
166057	61
51973	61
212145	1
309253	61
288361	61
237872	1
4551	61
27184	1
260549	61
294405	61
268290	61
278417	1
121123	61
267367	61
11440	1
162049	61
59568	1
19525	61
33157	61
149200	1
58448	1
39297	61
66018	61
88239	61
58512	1
147303	61
67217	1
193959	61
228525	61
69730	61
171023	61
139685	61
76546	61
84016	1
5831	61
129253	61
40493	61
158881	61
164642	61
242289	1
237066	61
259522	61
195105	61
210280	61
219941	61
254465	61
677	61
96968	61
301960	61
225356	61
226755	61
150151	61
118021	61
62309	61
246855	61
141511	61
262917	61
108642	61
44225	61
55493	61
90313	61
93605	61
56005	61
64145	1
70352	1
14849	61
89712	1
115089	1
162096	1
168001	61
170129	1
32688	1
214535	61
275729	1
30506	61
7873	61
60103	61
279601	1
8834	61
99909	61
296642	61
308391	61
29831	61
20817	1
165320	61
172261	61
208197	61
114471	61
67464	61
262185	61
55216	1
73128	61
91761	1
136079	61
144368	1
129772	61
291685	61
197996	61
36688	1
107025	1
204521	61
121666	61
1537	61
276615	61
110641	1
305633	61
840	61
5317	61
5570	61
6257	1
6561	61
7527	61
9345	61
9538	61
10697	61
4679	61
138736	1
15209	61
61297	1
18561	61
21541	61
23205	61
59429	61
29832	61
315753	61
33711	61
34064	1
35599	61
162341	61
36645	61
37829	61
111335	61
38213	61
54673	1
38831	61
39184	1
39841	61
41221	61
63280	1
44129	61
294849	61
44145	1
67873	61
50215	61
56485	61
263850	61
58412	61
132482	61
61249	61
242634	61
61570	61
62961	1
65987	61
70753	61
258151	61
103202	61
73605	61
242977	61
75841	61
76880	1
79941	61
157541	61
46117	61
80937	61
83057	1
85537	61
319697	1
88144	1
89605	61
90567	61
216880	1
91528	61
293167	61
112103	61
6593	61
97125	61
97217	61
102922	61
112327	61
183105	61
121538	61
121745	1
122753	61
273585	1
118636	61
209168	1
146926	61
228753	1
124293	61
291568	1
124432	1
126437	61
127084	61
291025	1
68177	1
130853	61
133570	61
177516	61
60869	61
133991	61
135985	1
49767	61
136817	1
245930	61
35269	61
146693	61
139569	1
145033	61
113957	61
58245	61
204489	61
145295	61
146017	61
18341	61
147175	61
238725	61
148193	61
125105	1
149479	61
153804	61
157093	61
157288	61
157509	61
236433	1
20549	61
158088	61
222821	61
160145	1
162224	1
162401	61
162951	61
110597	61
166309	61
171205	61
172295	61
175137	61
301008	1
175656	61
182567	61
258316	61
197381	61
29712	1
182920	61
233765	61
183276	61
209445	61
185071	61
47682	61
185221	61
186249	61
167984	1
201063	61
12817	1
186917	61
273858	61
188549	61
188834	61
191505	1
130914	61
63015	61
191849	61
192133	61
192720	1
246567	61
199560	61
27248	1
203089	1
205932	61
94695	61
206119	61
316585	61
210384	1
10224	1
210439	61
315025	1
210565	61
249127	61
216048	1
217192	61
223601	1
224706	61
227143	61
228337	1
170181	61
231116	61
106088	61
231440	1
232943	61
260200	61
234085	61
32225	61
234181	61
236613	61
237442	61
238833	1
