83	0.076701 0.000100 -0.000119 0.000062 -0.000004
82	-0.027204 0.000002 0.000097 0.000033 0.000183
81	-0.064343 -0.000017 0.000038 0.000079 0.000153
80	0.006379 0.000110 0.000075 -0.000038 0.000023
79	0.048902 0.000143 -0.000166 0.000157 0.000096
125	-0.046404 0.000183 0.000015 0.000291 0.000049
78	0.041590 0.000062 -0.000056 -0.000003 -0.000073
124	-0.026257 0.000076 0.000078 0.000251 0.000134
77	0.000890 -0.000139 -0.000084 -0.000046 0.000076
123	0.043824 -0.000030 0.000045 0.000012 -0.000174
76	-0.075446 0.000035 -0.000115 0.000024 0.000013
122	0.091226 -0.000020 -0.000363 -0.000024 -0.000048
75	-0.012792 -0.000014 -0.000076 0.000154 -0.000064
121	-0.022625 -0.000004 -0.000049 0.000105 0.000094
74	0.075149 0.000217 -0.000074 0.000146 0.000013
120	0.029129 -0.000009 -0.000050 -0.000175 0.000029
73	-0.027329 -0.000149 -0.000011 0.000056 -0.000119
119	-0.065016 -0.000083 -0.000023 0.000032 0.000045
72	-0.062495 -0.000039 -0.000036 0.000076 -0.000044
118	-0.039913 0.000039 0.000097 -0.000053 -0.000091
71	0.006375 -0.000019 -0.000021 -0.000024 0.000015
90	-0.013829 -0.000037 -0.000094 -0.000112 0.000038
84	-0.013912 0.000079 -0.000070 -0.000169 0.000115
89	-0.013364 0.000060 -0.000157 -0.000051 0.000071
42	0.191518 0.000103 -0.000306 0.000117 0.000089
41	-0.086721 -0.000231 0.000048 0.000111 0.000153
87	0.003734 0.000031 -0.000286 0.000024 -0.000011
40	-0.028695 0.000015 0.000011 -0.000026 -0.000148
86	0.003289 0.000136 -0.000068 -0.000066 -0.000020
39	0.248016 0.000397 -0.000231 0.000121 -0.000124
85	-0.067514 0.000104 -0.000110 0.000109 0.000017
38	-0.244125 -0.000098 0.000286 0.000028 -0.000090
36	-0.135992 -0.000133 0.000131 0.000096 0.000097
35	0.140263 0.000230 -0.000366 0.000201 -0.000109
33	0.027827 0.000293 -0.000279 0.000189 0.000002
31	-0.023747 0.000000 0.000068 0.000149 -0.000023
30	0.066578 -0.000250 0.000026 0.000039 -0.000032
29	0.054309 0.000111 -0.000053 0.000074 -0.000053
28	-0.394481 -0.000067 0.000239 -0.000248 -0.000088
27	0.006618 -0.000015 -0.000064 -0.000055 -0.000038
26	0.269365 0.000165 -0.000368 0.000045 -0.000137
25	0.063403 0.000197 -0.000042 -0.000014 -0.000172
24	0.037947 0.000007 0.000065 -0.000119 0.000039
23	-0.048880 -0.000023 -0.000121 0.000053 -0.000011
22	-0.051348 0.000002 0.000045 0.000023 0.000013
9	0.054550 0.000094 -0.000051 -0.000168 -0.000042
106	-0.007599 0.000153 0.000056 0.000045 0.000197
8	0.033095 0.000022 -0.000213 0.000022 0.000048
105	-0.163402 -0.000357 -0.000011 0.000011 0.000132
7	0.001222 -0.000045 -0.000168 -0.000014 0.000157
104	-0.145600 0.000049 -0.000024 0.000136 0.000202
6	-0.085018 0.000058 -0.000025 0.000073 0.000090
5	-0.004395 -0.000092 0.000124 0.000130 0.000071
4	0.034761 -0.000019 0.000094 -0.000058 0.000001
101	-0.209287 0.000027 0.000032 -0.000061 0.000003
0	-0.038086 0.000160 -0.000150 0.000017 0.000012
97	0.066458 0.000208 -0.000190 -0.000027 -0.000206
1	0.000766 0.000078 0.000022 0.000031 -0.000237
98	-0.009212 -0.000130 0.000139 0.000145 0.000086
2	0.005050 0.000028 -0.000155 0.000056 0.000126
99	0.149204 0.000189 -0.000141 0.000138 -0.000131
3	0.009429 0.000138 -0.000073 0.000060 0.000080
100	0.006608 -0.000077 -0.000055 0.000177 0.000153
10	-0.026413 0.000086 -0.000098 0.000004 -0.000246
107	0.198904 0.000212 -0.000229 0.000020 -0.000247
11	0.018133 0.000048 -0.000041 -0.000238 0.000183
108	0.016219 -0.000036 0.000174 0.000085 -0.000127
12	-0.002624 0.000070 -0.000007 0.000011 0.000035
109	-0.007122 -0.000140 0.000203 0.000029 -0.000054
13	-0.015656 0.000100 0.000073 -0.000027 -0.000146
110	-0.006406 0.000122 -0.000058 0.000166 0.000002
14	-0.003176 -0.000223 0.000115 0.000028 0.000115
111	0.123585 0.000326 -0.000163 -0.000106 0.000088
15	0.010880 -0.000047 -0.000168 -0.000186 0.000229
112	-0.005123 -0.000072 0.000053 0.000017 -0.000037
16	-0.003513 -0.000061 0.000027 -0.000117 -0.000014
113	-0.049088 -0.000093 0.000035 0.000094 -0.000272
17	0.027368 0.000163 -0.000065 0.000107 0.000044
114	-0.029293 -0.000058 -0.000031 -0.000026 0.000058
18	-0.026398 -0.000052 -0.000077 0.000050 -0.000048
115	-0.049637 -0.000127 0.000040 -0.000039 0.000101
19	0.025521 -0.000011 -0.000127 0.000070 0.000029
116	-0.034006 0.000039 0.000052 0.000063 0.000062
20	-0.188825 -0.000181 -0.000043 -0.000177 -0.000152
117	0.206018 0.000115 -0.000346 0.000038 -0.000135
21	0.192677 0.000331 -0.000302 0.000169 -0.000088
43	0.043279 -0.000023 -0.000170 0.000059 -0.000069
91	0.029961 0.000158 -0.000257 0.000175 -0.000229
44	0.031498 0.000099 0.000067 0.000116 0.000081
92	0.001098 -0.000059 -0.000073 -0.000109 -0.000068
45	0.005853 0.000018 0.000155 0.000214 0.000128
93	0.006681 -0.000097 -0.000020 -0.000015 0.000116
46	-0.008913 0.000127 -0.000080 0.000119 0.000010
94	0.054722 0.000298 -0.000398 -0.000151 -0.000035
47	-0.015273 -0.000127 -0.000119 -0.000184 -0.000257
95	-0.057635 -0.000096 0.000005 -0.000117 -0.000084
48	-0.041073 0.000099 0.000210 0.000013 0.000032
49	-0.013646 -0.000207 0.000223 0.000029 0.000164
50	-0.068495 0.000234 0.000132 -0.000129 0.000084
51	-0.005050 0.000061 -0.000042 -0.000035 0.000189
52	0.053125 0.000172 -0.000127 0.000153 -0.000061
53	-0.048988 0.000090 -0.000178 -0.000162 -0.000045
54	0.046523 -0.000065 0.000037 0.000181 -0.000229
55	-0.054129 -0.000118 0.000166 -0.000009 -0.000082
57	-0.054896 0.000170 -0.000119 0.000142 -0.000014
59	-0.025297 -0.000164 -0.000067 0.000031 0.000060
60	0.092064 0.000099 -0.000256 -0.000106 0.000033
61	-0.023995 -0.000140 -0.000016 -0.000044 0.000003
62	-0.001396 -0.000056 0.000108 -0.000040 0.000159
63	0.226276 0.000196 -0.000160 0.000185 -0.000161
64	-0.196954 0.000153 -0.000030 -0.000035 -0.000115
65	-0.033713 -0.000067 0.000257 -0.000046 0.000156
66	-0.015667 0.000049 0.000019 -0.000200 -0.000038
67	0.215686 0.000148 -0.000203 0.000075 -0.000212
68	-0.162578 0.000122 -0.000196 -0.000037 0.000088
69	0.046066 0.000094 -0.000063 -0.000133 0.000093
70	0.052265 0.000228 -0.000195 -0.000022 -0.000050
