125	-0.013733
124	-0.005556
123	0.006334
122	0.024344
121	-0.006023
41	-0.022219
120	0.009180
40	-0.007558
119	-0.017981
39	0.055917
118	-0.009655
38	-0.059182
117	0.048362
36	-0.031121
116	-0.013453
35	0.027589
115	-0.010932
33	0.001612
82	-0.005398
31	-0.004922
81	-0.016066
60	0.028468
12	-0.000320
109	-0.001304
59	-0.005586
11	0.002354
108	0.001997
57	-0.016536
10	-0.005924
107	0.045352
9	0.008417
106	-0.001694
55	-0.013018
8	0.008768
105	-0.041979
54	0.003291
7	0.000080
104	-0.038130
100	0.001102
3	-0.000109
53	-0.013771
6	-0.020706
95	-0.012885
48	-0.010711
1	0.000140
98	-0.001587
85	-0.025040
94	0.008489
47	-0.005087
0	-0.013272
97	0.020649
93	0.001325
46	-0.001840
90	-0.002741
43	0.009913
84	-0.003025
86	0.000672
89	-0.002756
42	0.048450
83	0.020806
92	0.000218
45	0.000804
44	0.007666
91	0.001876
87	-0.003360
50	-0.018378
2	-0.002996
99	0.037548
49	-0.002679
51	-0.001046
4	0.010360
101	-0.061089
52	0.010703
5	-0.000838
13	-0.004640
110	-0.001263
61	-0.007171
14	-0.000500
111	0.034568
62	-0.000298
15	0.001233
112	-0.001032
16	-0.000536
113	-0.011350
63	0.058922
64	-0.054815
65	-0.008434
17	0.007739
114	-0.006471
66	-0.003627
18	-0.010364
67	0.056910
19	0.007837
68	-0.047872
20	-0.055667
69	0.011560
70	0.012910
21	0.052326
71	0.001321
22	-0.011574
72	-0.015558
23	-0.011147
73	-0.005628
24	0.006236
74	0.020304
25	0.015650
75	-0.002565
26	0.062747
76	-0.026027
27	0.001303
77	0.000204
28	-0.091013
78	0.011264
29	0.008085
79	0.012160
80	0.001246
30	0.016404
